1 PINHOLE 966 546 nan nan 483.000000 273.000000
2 PINHOLE 966 546 nan nan 483.000000 273.000000
3 PINHOLE 966 546 nan nan 483.000000 273.000000
4 PINHOLE 966 546 nan nan 483.000000 273.000000
5 PINHOLE 966 546 nan nan 483.000000 273.000000
6 PINHOLE 966 546 nan nan 483.000000 273.000000
7 PINHOLE 966 546 nan nan 483.000000 273.000000
8 PINHOLE 966 546 nan nan 483.000000 273.000000
9 PINHOLE 966 546 nan nan 483.000000 273.000000
10 PINHOLE 966 546 nan nan 483.000000 273.000000
11 PINHOLE 966 546 nan nan 483.000000 273.000000
12 PINHOLE 966 546 nan nan 483.000000 273.000000
13 PINHOLE 966 546 nan nan 483.000000 273.000000
